# q1 [Angstrom]    q2 [Angstrom]
   0.0039390396    1.9412022550
  -0.3599268077    2.6689339497
  -0.9487587137    3.8465977617
   0.3771651232    5.0354703023
   0.9581936947    3.8734131593
   0.9675477390    3.8547050706
   0.3979958397    4.9938088693
  -0.5080584367    4.8449578294
   0.4735852542    2.8816704475
   0.4741567838    2.8805273883
  -0.3638658473    2.6610558704
  -0.9526977533    3.8387196824
   0.5810285715    3.1190829130
   0.5903826159    3.1003748242
   0.0208307165    4.2394786229
   0.9816436910    3.8977873209
   0.9822152206    3.8966442617
  -0.0145434116    1.9491557479
  -0.5328039198    2.9856767644
  -0.4598788428    2.8398266102
  -0.5888319060    4.5664513771
  -0.5182605083    3.0147635875
  -0.4453354312    2.8689134334
   0.0093540444    1.9383176812
  -0.5601978550    3.0774214799
   0.4080610240    2.7522827260
   0.4095036219    2.7493975300
  -0.5429057938    4.6542163615
  -0.5695518993    3.0587133912
   0.0729250771    3.9054344499
   0.0014425980    1.9332754821
  -0.9509668178    3.8380943136
   0.3348432882    5.0244996287
   0.9434869942    3.8072122167
   0.9368268516    3.8205325019
   0.4225708846    4.8490444358
  -0.9524094157    3.8352091176
   0.6086437060    3.1375256403
   0.6019835634    3.1508459255
   0.0877275964    4.1793578594
  -0.0066601426    1.9335585135
  -0.5209161096    2.9620704474
  -0.5142559669    2.9753907326
   0.0005715296    1.9333568798
  -0.0110588906    1.9410970382
  -0.3879098474    2.6947989518
  -0.3768509568    2.7169167330
   0.3881211561    2.6949900224
   0.3764679869    2.7182963609
   0.0112040134    1.9429896446
  -0.4230758448    2.8115493609
  -0.5369051489    3.0392079692
  -0.4342798582    2.7891413341
  -0.5481091623    3.0167999425
  -0.0071331378    1.9336203293
  -0.4271622749    2.7736786035
  -0.1138293042    3.8853596588
  -0.4200291371    2.7879448791
  -0.0116531692    1.9420540487
   0.3892175981    2.7109564232
   0.3858459957    2.7176996279
  -0.0033716023    1.9392644317
   0.4389359739    2.8270873429
   0.4465590605    2.8118411695
   0.0076230867    1.9339692218
  -0.0072854442    1.9352032819
  -0.9889867033    3.8986058001
  -0.4770955380    2.8748234694
  -0.6140747165    3.1487818265
  -0.9817012591    3.9131766885
  -0.4698100938    2.8893943579
  -0.6067892723    3.1633527149
   0.4376172451    2.8656227673
   0.4549715079    2.8309142416
  -0.0098121928    3.7604816429
  -0.5087821477    4.7584215528
   0.5118911653    4.8527968761
   0.3749119868    5.1267552331
   0.0173542629    1.9556797515
  -0.4474294378    2.8852471528
  -0.9463993927    3.8831870627
   0.3428791571    2.6348803829
   0.3451509787    2.6303367397
  -0.6683691859    4.6573770690
  -0.4647837007    2.8505386271
  -0.9637536556    3.8484785369
  -0.0057536089    1.9303306336
  -0.4888460143    2.8965154445
  -0.4989699549    4.7780459383
  -0.4830924054    2.9080226622
   0.0022718216    1.9445784255
  -1.0112483430    3.9716187548
   0.4679299409    2.8648766232
   0.4653426285    2.8700512480
  -1.0135201647    3.9670751116
   0.4881205990    2.8951130038
   0.4828088260    2.9057365499
  -0.0053117730    1.9294953519
  -0.1369791785    4.1029729025
  -0.0025873124    1.9341913662
  -0.0130815252    1.9448709442
  -0.3775657378    2.6738393694
  -0.3644842126    2.7000024197
   0.3702355520    2.6793979417
   0.3695051374    2.6808587709
  -0.0007304146    1.9403876668
   0.4876712699    2.9161261490
   0.4932287347    2.9050112196
   0.4645464363    2.8699685282
   0.4699529150    2.8591555708
   0.0119815017    1.9434485259
  -0.3585840903    2.6845797098
  -0.3705655919    2.6606167064
  -0.0129409103    1.9469768623
  -0.4683397912    2.8577746241
  -0.4789806272    2.8790562961
  -0.4553988809    2.8836564447
  -0.4660397169    2.9049381167
  -0.0106408360    3.8157358785
   0.0055574647    1.9296686797
   0.0054064787    1.9300626981
   0.0028954654    1.9290048989
  -1.0068944494    3.9485847285
  -0.4894117890    2.9136194078
   0.5055278906    2.9841628893
   0.5187798495    2.9576589716
   0.0825845493    3.8300495720
  -0.4858849476    4.9669885659
   0.0848541858    5.5816319646
   0.9507387683    3.8498627996
   0.9579919020    3.8353565321
   0.5093275383    4.7326852596
  -1.0097899148    3.9427937976
  -0.4923072544    2.9078284769
   0.8658845825    3.6801544281
   0.8731377163    3.6656481605
   0.4244733525    4.5629768881
   0.0132519589    1.9466031903
  -0.4229433413    2.8189937907
  -0.9914128383    3.9559327846
   0.3711152960    2.6612546908
   0.3567697834    2.6899457160
  -0.4361953002    2.7924898729
  -1.0046647971    3.9294288668
   0.5174826604    4.9274083065
  -0.5684694970    4.8018194672
   0.0072531338    1.9338789956
  -0.4414112300    2.8312077231
  -0.4486643638    2.8167014555
  -0.0143455126    1.9477151240
   0.3611390285    2.6640337218
   0.3609234825    2.6644648138
  -0.0064508685    1.9312851642
  -0.4648311260    2.8480456791
  -0.4583802574    2.8609474161
  -0.0002155460    1.9421867568
   0.0099294683    1.9386910986
  -0.3829064589    2.7243629530
   0.3928280177    2.7044756130
   0.3828952546    2.7243411391
  -0.3928359272    2.7045040164
  -0.0099327631    1.9386851037
   0.3928323513    2.7044677810
   0.3828856490    2.7243611855
  -0.0099385746    1.9387060780
  -0.3928338547    2.7044966382
  -0.3828952801    2.7243737873
   0.3828551420    2.7242624068
   0.3927881757    2.7043963394
  -0.0099467022    1.9386964830
   0.3928242017    2.7044920231
   0.3828888099    2.7243628067
   0.0099330337    1.9386860554
  -0.0099353918    1.9387144033
  -0.0069686709    1.9400611050
  -0.9877421976    3.9016081584
  -0.3772025430    2.6805288490
   0.7085664840    3.3558659246
   0.7133104094    3.3463780738
  -0.2130313413    5.1990615751
  -0.2383138939    5.2496266804
   0.1467954554    4.4794079818
   0.4727490973    4.8969701458
   0.9809091295    3.8806500814
   0.9680368872    3.9063945660
   0.4589202207    4.9246278992
   0.0000836663    5.8423010078
  -0.9807735267    3.9155455003
  -0.3702338720    2.6944661909
   0.4025022000    2.7606070477
   0.4117632478    2.7420849522
   0.6105396547    4.6560132443
   0.0047439254    1.9292451058
  -0.9215978252    3.7819286071
  -0.9468803779    3.8324937124
  -0.5617710286    3.0622750138
   0.5081600322    2.9351518868
   0.4952877899    2.9608963714
  -0.0138288767    3.9791297045
  -0.4726654310    4.8968028131
   0.5806941222    4.6725498397
   0.9742794752    3.8853791337
   0.9753255573    3.8832869694
  -0.9263417506    3.7724407563
  -0.9516243033    3.8230058616
  -0.5665149540    3.0527871630
  -0.0128722423    1.9445763070
  -0.5219889089    2.9628096401
  -0.9808254632    3.8804827487
  -0.0252825526    5.6756893629
   0.3598267967    4.9054706643
  -0.5091166666    2.9885541247
  -0.9679532209    3.9062272333
   0.0092610478    1.9370805521
   0.3944060652    2.7480632806
   0.4045841634    2.7277070842
   0.0101780982    1.9388949538
   0.3935853530    2.7239908893
   0.3946314351    2.7218987251
   0.3851093493    4.9560357696
  -0.4588365543    4.9244605665
   0.0010460821    1.9347280191
  -0.0106539308    1.9403549374
  -0.3812807012    2.6816084782
  -0.3706267704    2.7029163398
   0.3878139005    2.6943370596
   0.3778168145    2.7143312316
  -0.0112519772    1.9404033900
  -0.3964692485    2.7108379326
  -0.3852172713    2.7333418870
  -0.5435962183    4.5543046877
   0.3827761997    2.7015598517
   0.3828865140    2.7013392232
  -0.0099970860    1.9387034307
   0.0053047482    1.9286444732
  -0.5323538644    3.0039616983
  -0.9002097001    3.7396733698
   0.9263724180    3.7887522883
   0.9264827323    3.7885316598
  -0.5318077671    4.9038254906
  -0.0507634398    3.9417368360
   0.4799393204    2.8803313156
   0.4688794298    2.9024510967
  -0.5376586126    2.9933522019
  -0.9055144483    3.7290638734
  -0.3678558357    4.8043810985
   0.0001103142    1.9357868238
   0.4810443273    5.0053523702
   1.0117470875    3.9439468499
   1.0006871969    3.9660666310
   0.5307027602    2.9818581952
   0.5196428696    3.0039779763
  -0.0110598906    1.9425724560
   0.0050656775    1.9279456314
  -0.5545033101    3.0470836065
  -0.8848762283    3.7078294429
   0.5486645516    4.5625567503
   0.9314995738    3.7968867060
   0.9307132046    3.7984594443
  -0.0251440413    3.9113557285
   0.4851547663    2.8907581132
   0.4746321034    2.9118034391
  -0.5595689876    3.0369522515
  -0.8899419058    3.6976980880
  -0.0107074567    1.9391407391
  -0.3840132992    2.6857524240
  -0.3733058424    2.7071673375
   0.3962034497    2.7115743361
   0.3857561789    2.7324688778
   0.0110538045    1.9408159727
  -0.3788879391    2.7206994597
   0.3828350222    2.6995576027
   0.3820486530    2.7011303411
  -0.3899417435    2.6985918508
  -0.3303729182    4.8168360631
  -0.0007863692    1.9354602967
   0.5102988077    2.9410461958
   0.4997761447    2.9620915217
  -0.0105226630    1.9414939064
  -0.0104472709    1.9400619784
   0.0093696767    1.9373032559
  -0.3854414462    2.7269255016
   0.3903106973    2.7385060103
   0.4002588352    2.7186097347
  -0.3948111229    2.7081861482
  -0.0095187104    1.9379744366
  -0.3942185364    2.7073740887
  -0.3846998260    2.7264115094
   0.3960733274    2.7101122564
   0.3860246732    2.7302095647
   0.0098920024    1.9388333113
  -0.3856382281    2.7298937723
  -0.3955302305    2.7101097675
  -0.0100486541    1.9380629100
   0.3967637707    2.7124523698
   0.3868050378    2.7323698355
  -0.0099587329    1.9388422942
   0.0099481378    1.9379883400
  -0.0095501742    1.9383342278
  -0.3973356581    2.7139051956
  -0.3877854839    2.7330055441
   0.3862358409    2.7313626761
   0.3963760106    2.7110823367
  -0.0095681141    1.9384460251
  -0.3965206069    2.7123510105
  -0.3869524927    2.7314872388
   0.3879400228    2.7335197984
   0.3977918543    2.7138161354
   0.0101401697    1.9386106550
   0.3941937347    2.7075304391
   0.3845503407    2.7268172271
  -0.0096433940    1.9384297578
   0.3952956255    2.7087622586
   0.3852194322    2.7289146451
   0.0098518315    1.9379360898
  -0.0100761933    1.9383233942
  -0.0020428986    1.9352030278
  -0.9559199806    3.8429571919
  -0.3895675708    2.7102523722
  -0.2363095895    4.8275819579
   0.6044722075    3.1460183639
   0.6095283758    3.1359060274
  -0.9538770821    3.8470429891
  -0.3875246722    2.7143381694
   0.5001940901    2.9407702801
   0.5019460975    2.9372662654
   0.0206666822    3.8998250960
  -0.4245607289    4.7902799183
   0.8407817970    3.6186375428
   0.8458379652    3.6085252064
   0.6334997923    4.7281332129
   1.0078611719    3.9794104537
   1.0190965056    3.9569397863
   0.0017520073    1.9368780852
  -0.4795274080    2.8994369158
  -0.9247548191    3.7898917380
   0.4950831061    2.9107690134
   0.4839306574    2.9330739108
  -0.0020837669    3.9051027595
   0.2822998977    4.7875905619
   0.8537848885    3.6446205803
   0.8585193010    3.6351517553
  -0.4812794153    2.8959329011
  -0.9265068264    3.7863877233
   0.5714849908    3.0800207849
   0.5762194033    3.0705519600
  -0.0111524487    1.9429076987
  -0.4971668730    2.9149365473
  -0.4860144243    2.9372414447
   0.3743613796    2.7124108691
   0.3855967133    2.6899402017
   0.5663524099    4.6220923335
  -0.4452274111    4.7489465539
   0.0050561682    1.9269616124
   0.0047344125    1.9275819784
   0.0112353337    1.9412174425
  -0.0101987170    1.9384831528
  -0.3965025923    2.7110909034
  -0.3863038753    2.7314883373
   0.3852754514    2.7344563850
   0.3966375016    2.7117322846
  -0.0099199340    1.9394834839
  -0.3887986011    2.6972408181
  -0.3788786671    2.7170806862
   0.0107569053    1.9417330790
  -0.4574262689    2.8780994272
  -0.9707963372    3.9048395639
  -0.5688392819    3.1009254533
  -0.4681831741    2.8565856167
  -0.9815532425    3.8833257534
  -0.5795961872    3.0794116428
  -0.0055976490    1.9301083861
  -0.5060808138    2.9310747157
  -0.9475545062    3.8140221005
  -0.5133700683    4.8196921017
  -0.1114130130    4.0157779911
  -0.5004831648    2.9422700137
  -0.9419568572    3.8252173985
   0.9215918422    3.7832619267
   0.9235266073    3.7793923964
   0.5367272389    4.5529911334
   0.4019570553    5.0425181277
  -0.4414736924    4.8261837281
   0.0019347651    1.9362087120
  -0.3848646033    2.7098074490
  -0.3867993685    2.7059379187
   0.0113620502    1.9411813818
  -0.0069067325    1.9313565688
  -0.4781237147    2.8737905332
  -0.4712169822    2.8876039982
   0.4527606210    2.8508884925
   0.4592887268    2.8378322810
  -0.5214616744    4.7993330834
   0.6666167780    4.5878215723
   0.9956813230    3.9296924823
   0.9957580264    3.9295390754
   0.0108188560    5.8994174162
   0.0065281058    1.9323110390
  -0.9742222954    3.8938118414
   0.4554882930    2.8995278933
   0.4717167747    2.8670709300
   0.0025426637    3.8054191520
  -0.9807504012    3.8807556299
   0.0162284817    1.9560943439
  -0.4529456293    2.8944425659
   0.3290645450    2.5964589263
   0.3291412485    2.5963055194
  -0.6557979220    4.5661838603
   0.5301143359    4.7673738416
   0.9704492785    3.8867039566
   0.9770690643    3.8734643850
  -0.4691741110    2.8619856026
   0.0000767034    1.9381764294
  -0.9848624670    3.9080547703
   0.4806086513    2.8793755684
   0.4735437048    2.8935054612
  -0.9849391704    3.9079013634
  -0.0070649464    1.9322881587
   0.4403349425    2.8264752847
   0.4469547283    2.8132357131
   0.0066197858    1.9325658281
  -0.0091556894    1.9374107786
  -0.4154602263    2.7500198524
  -0.4063045369    2.7683312312
   0.4104149118    2.7628368661
   0.4074583512    2.7687499873
  -0.5176770045    4.6190206988
  -0.0641264120    3.7119195138
  -0.0029565606    1.9479201636
  -0.9280919164    3.7981908751
  -0.4745413239    2.8910896901
   0.4772372125    2.8963653034
   0.4830840833    2.8846715617
  -0.4345313305    4.7199023894
   0.4399425718    4.7011888301
   0.9093748377    3.7623242984
   0.9156625060    3.7497489617
  -0.9251353558    3.8041039964
  -0.4715847633    2.8970028113
   0.4217363853    2.7621205674
   0.4129659699    2.7796613981
  -0.0087704154    1.9361886275
   0.4074219922    2.7685166721
   0.4160942738    2.7511721088
   0.4535505925    4.7472735229
   0.0058468708    1.9301971368
  -0.9117685430    3.7654279645
   0.4694322658    2.8824391547
   0.4757199342    2.8698638180
  -0.9176154138    3.7537342228
   0.0086722817    1.9363281245
   0.0062876684    1.9309992863
  -0.0057507734    1.9310519503
  -0.4901158726    2.8997821487
  -0.4843650992    2.9112836954
  -0.5075218569    4.8749500440
  -0.4466899691    4.7532862685
  -0.0051435441    3.8701934185
   0.4784690905    2.9029681492
   0.4824955348    2.8949152607
   0.5987811429    4.6337943472
  -0.0386305319    5.9086176968
   0.9724808346    3.8863949638
   0.9732368476    3.8848829378
   0.0134848755    1.9474660348
  -0.5012514121    2.9769386099
  -0.4414811168    2.8573980193
   0.0608318878    5.7683299823
   0.5023783128    4.8852371323
   0.9859909474    3.9180118630
   0.9900173917    3.9099589744
  -0.6374116748    4.7110554109
   0.3736996917    2.6888326779
   0.3744557047    2.6873206520
  -0.5147362875    2.9499688589
  -0.4549659923    2.8304282684
  -0.0042058902    1.9267885312
  -0.8151794978    3.5487357463
  -0.6592876355    3.2369520218
   0.0597702953    3.8599008434
  -0.8109736076    3.5571475267
  -0.6550817453    3.2453638022
   0.4415464250    4.7635733567
   0.9251590596    3.7963480875
   0.9291855039    3.7882951989
  -0.0045666696    1.9280040567
  -1.0088659227    3.9366025629
  -0.5126777804    2.9442262784
  -1.0042992531    3.9457359021
  -0.5081111108    2.9533596176
   0.4836126346    2.9132552375
   0.4876390789    2.9052023489
   0.1558918622    4.8673110173
   0.4961881423    4.9619581237
   0.0040264443    1.9379770796
   1.0111113665    3.9636560275
   1.0118673795    3.9621440016
   0.0007560130    1.9399212685
  -0.0073779206    1.9339113231
  -0.9984690047    3.9160934914
  -0.4306372075    2.7804298969
  -0.9910910841    3.9308493325
  -0.4232592869    2.7951857380
  -0.5247111826    4.7478335158
   0.4427077014    2.8129957477
   0.4360961184    2.8262189137
  -0.5423824929    4.7831761363
  -0.1111447876    3.9207007257
  -0.0048196777    1.9269634048
  -0.7407452716    3.3988145926
  -0.7591228299    3.4355697092
  -0.7359255939    3.4084539480
  -0.7543031522    3.4452090647
   0.9674188841    3.8624181129
   0.9608073011    3.8756412789
  -0.0176713103    5.8325985016
   0.4135663951    4.9701230909
   0.0632305028    3.7719374643
   0.4908724160    2.9166536380
   0.4868731018    2.9246522663
  -0.4772139803    4.8528264305
  -0.0183775583    4.9170602524
  -0.0066115830    1.9408035108
  -0.9850901943    3.8977607335
  -0.5538524890    3.0352853228
   0.5678317973    4.7773679063
  -0.9784786113    3.9109838995
  -0.5472409060    3.0485084888
   0.4276419132    2.7901926324
   0.4236425990    2.7981912607
  -0.5404444831    4.7263654249
   0.3286280662    4.7034829526
   0.8606371753    3.6394647343
   0.8565473550    3.6476443749
   0.4312377053    5.0054657115
  -0.0039993142    1.9429074343
  -0.9680863962    3.8710815985
   0.5320091091    2.9822086020
   0.5279192888    2.9903882426
  -0.9640870821    3.8790802268
   0.4241260411    2.7989628099
   0.4320786915    2.7830575091
   0.0079526504    1.9348054269
  -0.0040898203    1.9263700244
  -0.0005131649    1.9392871326
  -1.0116167836    3.9614943699
  -1.0061610286    3.9505828599
  -0.3966200623    2.7315009272
   0.5039091532    2.9531506740
   0.5106248731    2.9397192342
  -1.0111036187    3.9625206998
  -1.0056478637    3.9516091897
  -0.3961068973    2.7325272571
   0.5007017654    2.9209526149
   0.4945877293    2.9331806872
   0.0000281496    1.9214383186
  -0.4677925189    2.8570796556
  -0.4678206685    2.8570233565
   0.0054557550    5.9738164271
   0.6149967213    4.7547344945
   0.0067157199    1.9319009278
  -0.0123177601    3.7591814331
   0.4448193229    2.8449072671
   0.4495905498    2.8353648133
  -0.5143443062    4.7632345253
  -0.0061140361    1.9317771563
   0.6095409663    4.7438229844
   0.4571370830    2.8695427873
   0.4619083099    2.8600003335
  -0.5020265461    4.7878700455
   0.0047712269    1.9457261675
  -0.9591636291    3.8735958795
   0.4189322548    2.7565193895
   0.4073166451    2.7797506090
  -0.9639348560    3.8640534257
  -0.0116156098    1.9418860993
  -0.0000633099    1.9213802906
  -0.4878919056    2.8970374820
  -0.4878285957    2.8971641018
  -0.0040831955    1.9402149021
  -0.3785691714    2.6891868539
  -0.3744859759    2.6973532449
   0.4176539877    2.7914370809
   0.4269194105    2.7729062354
   0.0092654227    1.9375982599
   0.4040038502    2.7266787675
   0.3938260581    2.7470343517
  -0.0101777921    1.9390266512
   0.3836953316    2.7290547277
   0.3943541479    2.7077370953
   0.0106588162    1.9403464320
   0.3873506471    2.6930694840
   0.3752305816    2.7173096151
  -0.0121200655    1.9426083208
  -0.0065140684    1.9313168571
  -0.8754559778    3.6692006760
  -0.5348941046    2.9880769296
  -0.8689419094    3.6822288127
  -0.5283800363    3.0011050664
   0.4808584593    2.9066586398
   0.4841020532    2.9001714520
  -0.4804022297    4.8291800180
   0.4784528284    4.7261052256
  -0.0371873106    5.7573855037
   0.9368609209    3.8092890407
   0.9381242137    3.8067624552
   0.3405618732    4.7389888852
   0.0032435939    1.9384545334
  -0.9612606891    3.8674630993
  -0.5156401391    4.8004798469
   0.4584080925    2.8523833838
   0.4596713852    2.8498567983
  -0.9645042830    3.8609759115
  -0.0795602753    4.1796164008
  -0.3937136578    4.8079231659
   0.5251504271    2.9701949960
   0.5197133071    2.9810692360
   0.0019844615    1.9271475649
  -0.4251014232    2.7813193341
  -0.9536317669    3.8383800216
   0.9855144111    3.9252267792
   0.9939752777    3.9083050459
   0.4928593400    4.9105369213
   0.4469312159    5.0023931695
  -0.3141533825    4.9670437164
   0.6047107024    3.1293155466
   0.5992735824    3.1401897865
  -0.4270858846    2.7773504112
  -0.9556162283    3.8344110986
  -0.5285303437    4.6885828679
   0.0084608667    1.9372762238
  -0.4926550710    2.9395080992
  -0.5385831951    3.0313643474
   0.9188640849    3.7576223117
   0.9134269649    3.7684965516
   0.9740482315    3.8836636619
   0.9753115243    3.8811370764
  -0.5011159377    2.9225863659
  -0.5470440618    3.0144426141
  -0.0054371200    1.9307683818
  -0.0459281241    4.0166744895
   0.0012632927    1.9330406133
   0.0028980703    1.9369810247
  -0.9540314561    3.8508400775
  -0.4603979733    2.8635731119
   0.4984139992    2.9315158591
   0.4992566630    2.9298305317
  -0.4374858357    4.8033155290
   0.3723332088    4.8165311788
   0.9107305874    3.7397364217
   0.9035511083    3.7540953798
  -0.9569295264    3.8450439369
  -0.4632960436    2.8577769712
  -0.3942082363    4.8261662969
   0.5291832072    2.9793834100
   0.5239167359    2.9899163527
  -0.0083719421    4.0544937085
   0.4936334828    4.7716360241
   0.0008426637    1.9330025332
  -0.9358998349    3.8064875305
   0.5383973786    2.9950700041
   0.5312178995    3.0094289622
  -0.9367424986    3.8048022031
   0.5112321882    2.9735866445
   0.5188139312    2.9584231586
   0.0128933932    3.9702642346
  -0.4363305246    4.8687120702
   0.0075817429    1.9359587821
  -0.4983387951    2.9477998581
  -0.9475627128    3.8462476937
   0.9233914435    3.7677998825
   0.9181249721    3.7783328252
   0.3858362942    4.8429101810
  -0.5034805260    4.6799854449
   0.4344271541    2.8041700847
   0.4380642062    2.7968959804
  -0.5059205380    2.9326363722
  -0.9551444558    3.8310842078
  -0.0052664714    1.9315499383
  -0.5375551493    2.9961272941
  -0.4492239178    4.8429252838
  -0.5322886779    3.0066602368
   0.9379076801    3.8111311368
   0.9415447323    3.8038570324
  -0.0071794791    1.9326342051
   0.0036370522    1.9280416722
   0.0119039807    1.9432898406
  -0.3635464452    2.6941906924
   0.3743734615    2.6916937200
   0.3766729164    2.6870948103
  -0.3754504259    2.6703827310
   0.0120199184    1.9465792725
  -0.4384176737    2.8474544568
  -0.4754975777    2.9216142648
  -0.4504375921    2.8234146200
  -0.4875174961    2.8975744279
  -0.0370799040    3.7984496122
   0.0069779990    1.9325169613
  -0.4488501867    2.8441733327
  -0.4558281857    2.8302173347
   0.0022994549    1.9383478873
   0.4773833247    2.8758678087
   0.4773431708    2.8759481166
  -0.0000401539    1.9211814672
   0.0045538923    1.9262663782
   0.0059639506    1.9306192363
  -0.9148049453    3.7721570281
  -0.4727682577    2.8880836530
   0.4760916690    2.8938035747
   0.4777465792    2.8904937542
  -0.0709294452    3.9878458031
  -0.4522710474    4.7505290075
  -0.4444127776    4.7348124679
   0.4373591985    4.7318652327
   0.9162347814    3.7741140669
   0.9220363214    3.7625109870
  -0.9207688959    3.7602291269
  -0.4787322083    2.8761557518
   0.4420366875    4.7176935435
   0.0016549102    1.9383104163
  -0.5470211142    3.0356624652
  -0.9283627164    3.7983456696
  -0.9205044466    3.7826291300
   0.4788755829    2.8993956700
   0.4846771229    2.8877925900
  -0.5486760244    3.0323526447
  -0.9300176266    3.7950358491
  -0.9221593568    3.7793193095
  -0.0172926177    5.7731296180
   0.9515434699    3.8354574428
   0.9508547358    3.8368349111
   0.5154049009    4.7077345808
  -0.0148271735    4.0708933871
  -0.4471486535    4.9355363471
  -0.4108356369    4.8629103139
   0.5208878211    2.9994633981
   0.5303022431    2.9806345539
   0.0037766270    1.9257804050
  -0.5713158394    3.0759653376
  -0.9090833976    3.7515004542
   0.9688360876    3.8700426782
   0.9681473534    3.8714201465
   0.5326975186    4.7423198162
  -0.4323214800    4.9651906940
  -0.3960084634    4.8925646608
   0.5357149945    3.0291177450
   0.5451294166    3.0102889009
  -0.5750924663    3.0684120837
  -0.9128600246    3.7439472002
  -0.3377675583    4.8941321329
  -0.0006887342    1.9337479713
  -0.4361385690    2.8046476410
   0.0363130166    5.7572076208
   0.9680364745    3.8937607050
   0.9774508966    3.8749318609
  -0.3813416022    4.8923878979
  -0.3734833324    4.8766713584
  -0.4354498348    2.8060251093
   0.9317234579    3.8211346718
   0.9411378800    3.8023058277
   0.0078582698    5.6393545628
   0.0058015400    1.9300414242
   0.0094144221    1.9388589118
   0.0008223899    1.9342958948
  -0.9175622869    3.7710652484
  -0.4373909801    2.8107226349
   0.0639042087    3.9077436852
   0.5230341130    2.9894838766
   0.5238720105    2.9878080816
  -0.3994461156    4.8344443338
  -0.4165986235    4.8687493496
   0.4413284414    4.7239897652
   0.9220693009    3.7625080463
   0.9144530483    3.7777405515
  -0.9183846768    3.7694204685
  -0.4382133701    2.8090778551
   0.4831505827    2.8876211211
   0.4831727612    2.8875767640
   0.0070739979    1.9318667370
  -0.9134447844    3.7729043018
  -0.4837833510    2.9135814348
   0.4591299043    2.8616754591
   0.4599678018    2.8599996641
  -0.4633503243    4.7066359163
  -0.4805028322    4.7409409322
   0.4192458175    4.7270602466
   0.9063632725    3.7528253366
   0.9118551959    3.7418414899
  -0.9205187824    3.7587563059
  -0.4908573489    2.8994334389
   0.0000221785    1.9212755987
   0.4801713067    4.6458472087
   0.0008378975    1.9417398555
  -0.9224802286    3.7883761078
  -0.9396327365    3.8226811236
   0.4807408595    2.8798511635
   0.4731246069    2.8950836687
   0.4296614335    4.7404710037
  -0.9233181261    3.7867003127
  -0.9404706340    3.8210053285
   0.4871174550    2.9143337015
   0.4926093783    2.9033498548
  -0.0076162526    1.9336019497
  -0.0171525079    5.6676415808
   0.0054919233    1.9291149448
